Java HotSpot(TM) 64-Bit Server VM (25.73-b02) for windows-amd64 JRE (1.8.0_73-b02), built on Jan 29 2016 17:38:49 by "java_re" with MS VC++ 10.0 (VS2010)
Memory: 4k page, physical 4027256k(1144532k free), swap 8052676k(1820036k free)
CommandLine flags: -XX:CMSInitiatingOccupancyFraction=50 -XX:CMSMaxAbortablePrecleanTime=6000 -XX:+CMSParallelRemarkEnabled -XX:+CMSScavengeBeforeRemark -XX:ConcGCThreads=4 -XX:InitialHeapSize=536870912 -XX:MaxHeapSize=536870912 -XX:MaxTenuringThreshold=8 -XX:NewRatio=3 -XX:OldPLABSize=16 -XX:ParallelGCThreads=4 -XX:+ParallelRefProcEnabled -XX:PretenureSizeThreshold=67108864 -XX:+PrintGC -XX:+PrintGCApplicationStoppedTime -XX:+PrintGCDateStamps -XX:+PrintGCDetails -XX:+PrintGCTimeStamps -XX:+PrintHeapAtGC -XX:+PrintTenuringDistribution -XX:SurvivorRatio=4 -XX:TargetSurvivorRatio=90 -XX:ThreadStackSize=256 -XX:+UseCMSInitiatingOccupancyOnly -XX:+UseCompressedClassPointers -XX:+UseCompressedOops -XX:+UseConcMarkSweepGC -XX:-UseLargePagesIndividualAllocation -XX:+UseParNewGC 
2016-02-29T14:51:35.028+0000: 1.104: Total time for which application threads were stopped: 0.0252044 seconds, Stopping threads took: 0.0249794 seconds
2016-02-29T14:51:35.439+0000: 1.515: Total time for which application threads were stopped: 0.0002306 seconds, Stopping threads took: 0.0000466 seconds
2016-02-29T14:51:35.482+0000: 1.558: Total time for which application threads were stopped: 0.0001935 seconds, Stopping threads took: 0.0000442 seconds
2016-02-29T14:51:36.477+0000: 2.554: Total time for which application threads were stopped: 0.0002914 seconds, Stopping threads took: 0.0000490 seconds
2016-02-29T14:51:36.620+0000: 2.697: Total time for which application threads were stopped: 0.0003143 seconds, Stopping threads took: 0.0000497 seconds
2016-02-29T14:51:36.644+0000: 2.720: Total time for which application threads were stopped: 0.0002661 seconds, Stopping threads took: 0.0000474 seconds
2016-02-29T14:51:37.650+0000: 3.726: Total time for which application threads were stopped: 0.0001595 seconds, Stopping threads took: 0.0000490 seconds
{Heap before GC invocations=0 (full 0):
 par new generation   total 109248K, used 87424K [0x00000000e0000000, 0x00000000e8000000, 0x00000000e8000000)
  eden space 87424K, 100% used [0x00000000e0000000, 0x00000000e5560000, 0x00000000e5560000)
  from space 21824K,   0% used [0x00000000e5560000, 0x00000000e5560000, 0x00000000e6ab0000)
  to   space 21824K,   0% used [0x00000000e6ab0000, 0x00000000e6ab0000, 0x00000000e8000000)
 concurrent mark-sweep generation total 393216K, used 0K [0x00000000e8000000, 0x0000000100000000, 0x0000000100000000)
 Metaspace       used 10142K, capacity 10344K, committed 10496K, reserved 1058816K
  class space    used 1166K, capacity 1212K, committed 1280K, reserved 1048576K
2016-02-29T14:51:38.198+0000: 4.275: [GC (Allocation Failure) 2016-02-29T14:51:38.198+0000: 4.275: [ParNew
Desired survivor size 20112992 bytes, new threshold 8 (max 8)
- age   1:    5744472 bytes,    5744472 total
: 87424K->5677K(109248K), 0.0250678 secs] 87424K->5677K(502464K), 0.0254255 secs] [Times: user=0.00 sys=0.00, real=0.03 secs] 
Heap after GC invocations=1 (full 0):
 par new generation   total 109248K, used 5677K [0x00000000e0000000, 0x00000000e8000000, 0x00000000e8000000)
  eden space 87424K,   0% used [0x00000000e0000000, 0x00000000e0000000, 0x00000000e5560000)
  from space 21824K,  26% used [0x00000000e6ab0000, 0x00000000e703b660, 0x00000000e8000000)
  to   space 21824K,   0% used [0x00000000e5560000, 0x00000000e5560000, 0x00000000e6ab0000)
 concurrent mark-sweep generation total 393216K, used 0K [0x00000000e8000000, 0x0000000100000000, 0x0000000100000000)
 Metaspace       used 10142K, capacity 10344K, committed 10496K, reserved 1058816K
  class space    used 1166K, capacity 1212K, committed 1280K, reserved 1048576K
}
2016-02-29T14:51:38.224+0000: 4.300: Total time for which application threads were stopped: 0.0258369 seconds, Stopping threads took: 0.0000395 seconds
2016-02-29T14:51:38.246+0000: 4.322: Total time for which application threads were stopped: 0.0010163 seconds, Stopping threads took: 0.0007462 seconds
2016-02-29T14:51:38.626+0000: 4.703: Total time for which application threads were stopped: 0.0003490 seconds, Stopping threads took: 0.0000545 seconds
2016-02-29T14:51:38.797+0000: 4.873: Total time for which application threads were stopped: 0.0004501 seconds, Stopping threads took: 0.0000624 seconds
2016-02-29T14:51:39.120+0000: 5.196: Total time for which application threads were stopped: 0.0004098 seconds, Stopping threads took: 0.0000371 seconds
2016-02-29T14:51:39.122+0000: 5.199: Total time for which application threads were stopped: 0.0002006 seconds, Stopping threads took: 0.0000229 seconds
2016-02-29T14:51:39.131+0000: 5.208: Total time for which application threads were stopped: 0.0003293 seconds, Stopping threads took: 0.0000363 seconds
2016-02-29T14:51:39.797+0000: 5.878: Total time for which application threads were stopped: 0.0003016 seconds, Stopping threads took: 0.0000987 seconds
2016-02-29T14:51:39.797+0000: 5.878: Total time for which application threads were stopped: 0.0001248 seconds, Stopping threads took: 0.0000347 seconds
2016-02-29T14:51:39.797+0000: 5.879: Total time for which application threads were stopped: 0.0001208 seconds, Stopping threads took: 0.0000355 seconds
2016-02-29T14:51:39.797+0000: 5.879: Total time for which application threads were stopped: 0.0001374 seconds, Stopping threads took: 0.0000174 seconds
2016-02-29T14:51:39.797+0000: 5.879: Total time for which application threads were stopped: 0.0001311 seconds, Stopping threads took: 0.0000395 seconds
2016-02-29T14:51:39.797+0000: 5.879: Total time for which application threads were stopped: 0.0001050 seconds, Stopping threads took: 0.0000205 seconds
2016-02-29T14:51:39.797+0000: 5.879: Total time for which application threads were stopped: 0.0001019 seconds, Stopping threads took: 0.0000182 seconds
2016-02-29T14:51:39.797+0000: 5.879: Total time for which application threads were stopped: 0.0001098 seconds, Stopping threads took: 0.0000190 seconds
2016-02-29T14:51:39.797+0000: 5.880: Total time for which application threads were stopped: 0.0001027 seconds, Stopping threads took: 0.0000190 seconds
2016-02-29T14:51:39.797+0000: 5.880: Total time for which application threads were stopped: 0.0001034 seconds, Stopping threads took: 0.0000182 seconds
2016-02-29T14:51:39.797+0000: 5.880: Total time for which application threads were stopped: 0.0001027 seconds, Stopping threads took: 0.0000190 seconds
2016-02-29T14:51:39.797+0000: 5.880: Total time for which application threads were stopped: 0.0001027 seconds, Stopping threads took: 0.0000182 seconds
2016-02-29T14:51:39.797+0000: 5.880: Total time for which application threads were stopped: 0.0001019 seconds, Stopping threads took: 0.0000182 seconds
2016-02-29T14:51:39.797+0000: 5.880: Total time for which application threads were stopped: 0.0001027 seconds, Stopping threads took: 0.0000182 seconds
2016-02-29T14:51:39.797+0000: 5.880: Total time for which application threads were stopped: 0.0001074 seconds, Stopping threads took: 0.0000237 seconds
2016-02-29T14:51:39.797+0000: 5.881: Total time for which application threads were stopped: 0.0001050 seconds, Stopping threads took: 0.0000190 seconds
2016-02-29T14:51:39.797+0000: 5.881: Total time for which application threads were stopped: 0.0001027 seconds, Stopping threads took: 0.0000190 seconds
2016-02-29T14:51:39.797+0000: 5.881: Total time for which application threads were stopped: 0.0001058 seconds, Stopping threads took: 0.0000197 seconds
2016-02-29T14:51:39.797+0000: 5.881: Total time for which application threads were stopped: 0.0001019 seconds, Stopping threads took: 0.0000190 seconds
2016-02-29T14:51:39.797+0000: 5.881: Total time for which application threads were stopped: 0.0002369 seconds, Stopping threads took: 0.0000190 seconds
2016-02-29T14:51:39.797+0000: 5.882: Total time for which application threads were stopped: 0.0001090 seconds, Stopping threads took: 0.0000190 seconds
2016-02-29T14:51:39.797+0000: 5.882: Total time for which application threads were stopped: 0.0001066 seconds, Stopping threads took: 0.0000190 seconds
2016-02-29T14:51:39.797+0000: 5.882: Total time for which application threads were stopped: 0.0001042 seconds, Stopping threads took: 0.0000190 seconds
2016-02-29T14:51:39.797+0000: 5.882: Total time for which application threads were stopped: 0.0001050 seconds, Stopping threads took: 0.0000182 seconds
2016-02-29T14:51:39.797+0000: 5.883: Total time for which application threads were stopped: 0.0000805 seconds, Stopping threads took: 0.0000197 seconds
2016-02-29T14:51:39.797+0000: 5.883: Total time for which application threads were stopped: 0.0000790 seconds, Stopping threads took: 0.0000197 seconds
2016-02-29T14:51:39.807+0000: 5.883: Total time for which application threads were stopped: 0.0000821 seconds, Stopping threads took: 0.0000190 seconds
2016-02-29T14:51:39.807+0000: 5.883: Total time for which application threads were stopped: 0.0000829 seconds, Stopping threads took: 0.0000261 seconds
2016-02-29T14:51:39.807+0000: 5.883: Total time for which application threads were stopped: 0.0000845 seconds, Stopping threads took: 0.0000268 seconds
2016-02-29T14:51:39.807+0000: 5.884: Total time for which application threads were stopped: 0.0000790 seconds, Stopping threads took: 0.0000190 seconds
2016-02-29T14:51:39.807+0000: 5.884: Total time for which application threads were stopped: 0.0000821 seconds, Stopping threads took: 0.0000245 seconds
2016-02-29T14:51:39.807+0000: 5.884: Total time for which application threads were stopped: 0.0000758 seconds, Stopping threads took: 0.0000190 seconds
2016-02-29T14:51:39.807+0000: 5.884: Total time for which application threads were stopped: 0.0000758 seconds, Stopping threads took: 0.0000190 seconds
2016-02-29T14:51:39.807+0000: 5.884: Total time for which application threads were stopped: 0.0000750 seconds, Stopping threads took: 0.0000182 seconds
2016-02-29T14:51:39.807+0000: 5.884: Total time for which application threads were stopped: 0.0000758 seconds, Stopping threads took: 0.0000182 seconds
2016-02-29T14:51:39.807+0000: 5.884: Total time for which application threads were stopped: 0.0000750 seconds, Stopping threads took: 0.0000190 seconds
2016-02-29T14:51:39.807+0000: 5.884: Total time for which application threads were stopped: 0.0000750 seconds, Stopping threads took: 0.0000182 seconds
2016-02-29T14:51:39.807+0000: 5.885: Total time for which application threads were stopped: 0.0000805 seconds, Stopping threads took: 0.0000237 seconds
2016-02-29T14:51:39.807+0000: 5.885: Total time for which application threads were stopped: 0.0000750 seconds, Stopping threads took: 0.0000190 seconds
2016-02-29T14:51:39.807+0000: 5.885: Total time for which application threads were stopped: 0.0000750 seconds, Stopping threads took: 0.0000182 seconds
2016-02-29T14:51:39.807+0000: 5.885: Total time for which application threads were stopped: 0.0000742 seconds, Stopping threads took: 0.0000182 seconds
2016-02-29T14:51:39.807+0000: 5.885: Total time for which application threads were stopped: 0.0000750 seconds, Stopping threads took: 0.0000182 seconds
2016-02-29T14:51:39.807+0000: 5.885: Total time for which application threads were stopped: 0.0000750 seconds, Stopping threads took: 0.0000190 seconds
2016-02-29T14:51:39.807+0000: 5.885: Total time for which application threads were stopped: 0.0002290 seconds, Stopping threads took: 0.0000182 seconds
2016-02-29T14:51:39.807+0000: 5.887: Total time for which application threads were stopped: 0.0001508 seconds, Stopping threads took: 0.0000450 seconds
2016-02-29T14:51:39.807+0000: 5.888: Total time for which application threads were stopped: 0.0002211 seconds, Stopping threads took: 0.0000971 seconds
2016-02-29T14:51:39.807+0000: 5.893: Total time for which application threads were stopped: 0.0003135 seconds, Stopping threads took: 0.0001579 seconds
2016-02-29T14:51:39.818+0000: 5.895: Total time for which application threads were stopped: 0.0006357 seconds, Stopping threads took: 0.0004762 seconds
2016-02-29T14:51:39.819+0000: 5.896: Total time for which application threads were stopped: 0.0009713 seconds, Stopping threads took: 0.0008631 seconds
2016-02-29T14:51:39.820+0000: 5.896: Total time for which application threads were stopped: 0.0001256 seconds, Stopping threads took: 0.0000411 seconds
2016-02-29T14:51:39.820+0000: 5.897: Total time for which application threads were stopped: 0.0001429 seconds, Stopping threads took: 0.0000316 seconds
2016-02-29T14:51:39.820+0000: 5.897: Total time for which application threads were stopped: 0.0001516 seconds, Stopping threads took: 0.0000466 seconds
2016-02-29T14:51:39.832+0000: 5.913: Total time for which application threads were stopped: 0.0004201 seconds, Stopping threads took: 0.0000774 seconds
2016-02-29T14:51:39.842+0000: 5.923: Total time for which application threads were stopped: 0.0001571 seconds, Stopping threads took: 0.0000426 seconds
2016-02-29T14:51:39.842+0000: 5.924: Total time for which application threads were stopped: 0.0001745 seconds, Stopping threads took: 0.0000924 seconds
2016-02-29T14:51:39.842+0000: 5.925: Total time for which application threads were stopped: 0.0001003 seconds, Stopping threads took: 0.0000371 seconds
2016-02-29T14:51:39.842+0000: 5.925: Total time for which application threads were stopped: 0.0000940 seconds, Stopping threads took: 0.0000324 seconds
2016-02-29T14:51:39.852+0000: 5.937: Total time for which application threads were stopped: 0.0004019 seconds, Stopping threads took: 0.0002393 seconds
2016-02-29T14:51:39.852+0000: 5.937: Total time for which application threads were stopped: 0.0001184 seconds, Stopping threads took: 0.0000316 seconds
2016-02-29T14:51:39.862+0000: 5.941: Total time for which application threads were stopped: 0.0001571 seconds, Stopping threads took: 0.0000379 seconds
2016-02-29T14:51:39.862+0000: 5.941: Total time for which application threads were stopped: 0.0002748 seconds, Stopping threads took: 0.0001927 seconds
2016-02-29T14:51:39.862+0000: 5.942: Total time for which application threads were stopped: 0.0007778 seconds, Stopping threads took: 0.0006988 seconds
2016-02-29T14:51:39.862+0000: 5.943: Total time for which application threads were stopped: 0.0001800 seconds, Stopping threads took: 0.0000955 seconds
2016-02-29T14:51:39.882+0000: 5.959: Total time for which application threads were stopped: 0.0001792 seconds, Stopping threads took: 0.0000553 seconds
2016-02-29T14:51:39.882+0000: 5.962: Total time for which application threads were stopped: 0.0001398 seconds, Stopping threads took: 0.0000537 seconds
2016-02-29T14:51:39.882+0000: 5.962: Total time for which application threads were stopped: 0.0000774 seconds, Stopping threads took: 0.0000276 seconds
2016-02-29T14:51:39.882+0000: 5.963: Total time for which application threads were stopped: 0.0009262 seconds, Stopping threads took: 0.0008583 seconds
2016-02-29T14:51:39.882+0000: 5.964: Total time for which application threads were stopped: 0.0000987 seconds, Stopping threads took: 0.0000387 seconds
2016-02-29T14:51:39.882+0000: 5.964: Total time for which application threads were stopped: 0.0000663 seconds, Stopping threads took: 0.0000190 seconds
2016-02-29T14:51:39.882+0000: 5.965: Total time for which application threads were stopped: 0.0001263 seconds, Stopping threads took: 0.0000308 seconds
2016-02-29T14:51:39.882+0000: 5.965: Total time for which application threads were stopped: 0.0000711 seconds, Stopping threads took: 0.0000261 seconds
2016-02-29T14:51:39.882+0000: 5.967: Total time for which application threads were stopped: 0.0001082 seconds, Stopping threads took: 0.0000419 seconds
2016-02-29T14:51:39.902+0000: 5.982: Total time for which application threads were stopped: 0.0001350 seconds, Stopping threads took: 0.0000419 seconds
2016-02-29T14:51:39.902+0000: 5.982: Total time for which application threads were stopped: 0.0000703 seconds, Stopping threads took: 0.0000205 seconds
2016-02-29T14:51:39.902+0000: 5.982: Total time for which application threads were stopped: 0.0000679 seconds, Stopping threads took: 0.0000190 seconds
2016-02-29T14:51:39.902+0000: 5.983: Total time for which application threads were stopped: 0.0000766 seconds, Stopping threads took: 0.0000213 seconds
2016-02-29T14:51:39.922+0000: 5.999: Total time for which application threads were stopped: 0.0001350 seconds, Stopping threads took: 0.0000505 seconds
2016-02-29T14:51:39.922+0000: 5.999: Total time for which application threads were stopped: 0.0000766 seconds, Stopping threads took: 0.0000261 seconds
2016-02-29T14:51:39.922+0000: 5.999: Total time for which application threads were stopped: 0.0000742 seconds, Stopping threads took: 0.0000253 seconds
2016-02-29T14:51:39.923+0000: 6.000: Total time for which application threads were stopped: 0.0000876 seconds, Stopping threads took: 0.0000300 seconds
2016-02-29T14:51:39.930+0000: 6.006: Total time for which application threads were stopped: 0.0001287 seconds, Stopping threads took: 0.0000466 seconds
2016-02-29T14:51:39.930+0000: 6.006: Total time for which application threads were stopped: 0.0000774 seconds, Stopping threads took: 0.0000261 seconds
2016-02-29T14:51:39.930+0000: 6.006: Total time for which application threads were stopped: 0.0000750 seconds, Stopping threads took: 0.0000261 seconds
2016-02-29T14:51:39.930+0000: 6.007: Total time for which application threads were stopped: 0.0000845 seconds, Stopping threads took: 0.0000300 seconds
2016-02-29T14:51:40.002+0000: 6.079: Total time for which application threads were stopped: 0.0001350 seconds, Stopping threads took: 0.0000482 seconds
2016-02-29T14:51:40.018+0000: 6.095: Total time for which application threads were stopped: 0.0001485 seconds, Stopping threads took: 0.0000497 seconds
2016-02-29T14:51:40.020+0000: 6.096: Total time for which application threads were stopped: 0.0000900 seconds, Stopping threads took: 0.0000261 seconds
2016-02-29T14:51:40.021+0000: 6.097: Total time for which application threads were stopped: 0.0000869 seconds, Stopping threads took: 0.0000253 seconds
2016-02-29T14:51:40.027+0000: 6.104: Total time for which application threads were stopped: 0.0001319 seconds, Stopping threads took: 0.0000411 seconds
2016-02-29T14:51:40.027+0000: 6.104: Total time for which application threads were stopped: 0.0000711 seconds, Stopping threads took: 0.0000197 seconds
2016-02-29T14:51:40.027+0000: 6.104: Total time for which application threads were stopped: 0.0000695 seconds, Stopping threads took: 0.0000197 seconds
2016-02-29T14:51:40.028+0000: 6.104: Total time for which application threads were stopped: 0.0000805 seconds, Stopping threads took: 0.0000229 seconds
2016-02-29T14:51:40.033+0000: 6.109: Total time for which application threads were stopped: 0.0002724 seconds, Stopping threads took: 0.0001935 seconds
2016-02-29T14:51:40.041+0000: 6.117: Total time for which application threads were stopped: 0.0001240 seconds, Stopping threads took: 0.0000466 seconds
2016-02-29T14:51:40.041+0000: 6.118: Total time for which application threads were stopped: 0.0000695 seconds, Stopping threads took: 0.0000205 seconds
2016-02-29T14:51:40.041+0000: 6.118: Total time for which application threads were stopped: 0.0000648 seconds, Stopping threads took: 0.0000197 seconds
2016-02-29T14:51:40.041+0000: 6.118: Total time for which application threads were stopped: 0.0001840 seconds, Stopping threads took: 0.0000190 seconds
2016-02-29T14:51:40.042+0000: 6.118: Total time for which application threads were stopped: 0.0000679 seconds, Stopping threads took: 0.0000205 seconds
2016-02-29T14:51:40.042+0000: 6.118: Total time for which application threads were stopped: 0.0000655 seconds, Stopping threads took: 0.0000197 seconds
2016-02-29T14:51:40.042+0000: 6.118: Total time for which application threads were stopped: 0.0000632 seconds, Stopping threads took: 0.0000190 seconds
2016-02-29T14:51:40.206+0000: 6.283: Total time for which application threads were stopped: 0.0001611 seconds, Stopping threads took: 0.0000466 seconds
2016-02-29T14:51:40.206+0000: 6.283: Total time for which application threads were stopped: 0.0000703 seconds, Stopping threads took: 0.0000213 seconds
2016-02-29T14:51:40.206+0000: 6.284: Total time for which application threads were stopped: 0.0000679 seconds, Stopping threads took: 0.0000205 seconds
2016-02-29T14:51:40.206+0000: 6.284: Total time for which application threads were stopped: 0.0000916 seconds, Stopping threads took: 0.0000253 seconds
2016-02-29T14:51:40.206+0000: 6.290: Total time for which application threads were stopped: 0.0001295 seconds, Stopping threads took: 0.0000426 seconds
2016-02-29T14:51:40.206+0000: 6.290: Total time for which application threads were stopped: 0.0000719 seconds, Stopping threads took: 0.0000213 seconds
2016-02-29T14:51:40.206+0000: 6.290: Total time for which application threads were stopped: 0.0000782 seconds, Stopping threads took: 0.0000205 seconds
2016-02-29T14:51:40.206+0000: 6.291: Total time for which application threads were stopped: 0.0001011 seconds, Stopping threads took: 0.0000308 seconds
2016-02-29T14:51:40.266+0000: 6.343: Total time for which application threads were stopped: 0.0001271 seconds, Stopping threads took: 0.0000403 seconds
2016-02-29T14:51:40.267+0000: 6.343: Total time for which application threads were stopped: 0.0000782 seconds, Stopping threads took: 0.0000221 seconds
2016-02-29T14:51:40.267+0000: 6.343: Total time for which application threads were stopped: 0.0000703 seconds, Stopping threads took: 0.0000190 seconds
2016-02-29T14:51:40.267+0000: 6.344: Total time for which application threads were stopped: 0.0000719 seconds, Stopping threads took: 0.0000197 seconds
2016-02-29T14:51:40.318+0000: 6.404: Total time for which application threads were stopped: 0.0001319 seconds, Stopping threads took: 0.0000442 seconds
2016-02-29T14:51:40.328+0000: 6.404: Total time for which application threads were stopped: 0.0000861 seconds, Stopping threads took: 0.0000213 seconds
2016-02-29T14:51:40.328+0000: 6.404: Total time for which application threads were stopped: 0.0000655 seconds, Stopping threads took: 0.0000197 seconds
2016-02-29T14:51:40.328+0000: 6.404: Total time for which application threads were stopped: 0.0000640 seconds, Stopping threads took: 0.0000197 seconds
2016-02-29T14:51:40.328+0000: 6.405: Total time for which application threads were stopped: 0.0000624 seconds, Stopping threads took: 0.0000182 seconds
2016-02-29T14:51:40.328+0000: 6.405: Total time for which application threads were stopped: 0.0000624 seconds, Stopping threads took: 0.0000182 seconds
2016-02-29T14:51:40.328+0000: 6.405: Total time for which application threads were stopped: 0.0000624 seconds, Stopping threads took: 0.0000190 seconds
2016-02-29T14:51:40.328+0000: 6.405: Total time for which application threads were stopped: 0.0000616 seconds, Stopping threads took: 0.0000190 seconds
2016-02-29T14:51:40.328+0000: 6.405: Total time for which application threads were stopped: 0.0000616 seconds, Stopping threads took: 0.0000190 seconds
2016-02-29T14:51:40.328+0000: 6.405: Total time for which application threads were stopped: 0.0000616 seconds, Stopping threads took: 0.0000190 seconds
2016-02-29T14:51:40.328+0000: 6.405: Total time for which application threads were stopped: 0.0000616 seconds, Stopping threads took: 0.0000190 seconds
2016-02-29T14:51:40.328+0000: 6.406: Total time for which application threads were stopped: 0.0002645 seconds, Stopping threads took: 0.0000182 seconds
2016-02-29T14:51:40.368+0000: 6.453: Total time for which application threads were stopped: 0.0003909 seconds, Stopping threads took: 0.0000600 seconds
{Heap before GC invocations=1 (full 0):
 par new generation   total 109248K, used 93101K [0x00000000e0000000, 0x00000000e8000000, 0x00000000e8000000)
  eden space 87424K, 100% used [0x00000000e0000000, 0x00000000e5560000, 0x00000000e5560000)
  from space 21824K,  26% used [0x00000000e6ab0000, 0x00000000e703b660, 0x00000000e8000000)
  to   space 21824K,   0% used [0x00000000e5560000, 0x00000000e5560000, 0x00000000e6ab0000)
 concurrent mark-sweep generation total 393216K, used 0K [0x00000000e8000000, 0x0000000100000000, 0x0000000100000000)
 Metaspace       used 19715K, capacity 20116K, committed 20480K, reserved 1067008K
  class space    used 2349K, capacity 2488K, committed 2560K, reserved 1048576K
2016-02-29T14:51:40.388+0000: 6.467: [GC (Allocation Failure) 2016-02-29T14:51:40.388+0000: 6.467: [ParNew
Desired survivor size 20112992 bytes, new threshold 8 (max 8)
- age   1:    7734352 bytes,    7734352 total
- age   2:    2553128 bytes,   10287480 total
: 93101K->11316K(109248K), 0.0328805 secs] 93101K->11316K(502464K), 0.0330486 secs] [Times: user=0.05 sys=0.01, real=0.03 secs] 
Heap after GC invocations=2 (full 0):
 par new generation   total 109248K, used 11316K [0x00000000e0000000, 0x00000000e8000000, 0x00000000e8000000)
  eden space 87424K,   0% used [0x00000000e0000000, 0x00000000e0000000, 0x00000000e5560000)
  from space 21824K,  51% used [0x00000000e5560000, 0x00000000e606d360, 0x00000000e6ab0000)
  to   space 21824K,   0% used [0x00000000e6ab0000, 0x00000000e6ab0000, 0x00000000e8000000)
 concurrent mark-sweep generation total 393216K, used 0K [0x00000000e8000000, 0x0000000100000000, 0x0000000100000000)
 Metaspace       used 19715K, capacity 20116K, committed 20480K, reserved 1067008K
  class space    used 2349K, capacity 2488K, committed 2560K, reserved 1048576K
}
2016-02-29T14:51:40.418+0000: 6.500: Total time for which application threads were stopped: 0.0334885 seconds, Stopping threads took: 0.0000750 seconds
2016-02-29T14:51:40.428+0000: 6.512: Total time for which application threads were stopped: 0.0001595 seconds, Stopping threads took: 0.0000734 seconds
2016-02-29T14:51:40.428+0000: 6.513: Total time for which application threads were stopped: 0.0001208 seconds, Stopping threads took: 0.0000671 seconds
2016-02-29T14:51:40.428+0000: 6.513: Total time for which application threads were stopped: 0.0001848 seconds, Stopping threads took: 0.0001342 seconds
2016-02-29T14:51:40.428+0000: 6.513: Total time for which application threads were stopped: 0.0000940 seconds, Stopping threads took: 0.0000458 seconds
2016-02-29T14:51:40.428+0000: 6.513: Total time for which application threads were stopped: 0.0000916 seconds, Stopping threads took: 0.0000411 seconds
2016-02-29T14:51:40.428+0000: 6.513: Total time for which application threads were stopped: 0.0000908 seconds, Stopping threads took: 0.0000411 seconds
2016-02-29T14:51:40.428+0000: 6.513: Total time for which application threads were stopped: 0.0000876 seconds, Stopping threads took: 0.0000411 seconds
2016-02-29T14:51:40.428+0000: 6.514: Total time for which application threads were stopped: 0.0000813 seconds, Stopping threads took: 0.0000355 seconds
2016-02-29T14:51:40.428+0000: 6.514: Total time for which application threads were stopped: 0.0000876 seconds, Stopping threads took: 0.0000419 seconds
2016-02-29T14:51:40.428+0000: 6.514: Total time for which application threads were stopped: 0.0000853 seconds, Stopping threads took: 0.0000403 seconds
2016-02-29T14:51:40.428+0000: 6.514: Total time for which application threads were stopped: 0.0000892 seconds, Stopping threads took: 0.0000379 seconds
2016-02-29T14:51:40.428+0000: 6.514: Total time for which application threads were stopped: 0.0001121 seconds, Stopping threads took: 0.0000608 seconds
2016-02-29T14:51:40.438+0000: 6.514: Total time for which application threads were stopped: 0.0000995 seconds, Stopping threads took: 0.0000505 seconds
2016-02-29T14:51:40.438+0000: 6.514: Total time for which application threads were stopped: 0.0000971 seconds, Stopping threads took: 0.0000490 seconds
2016-02-29T14:51:40.438+0000: 6.515: Total time for which application threads were stopped: 0.0000892 seconds, Stopping threads took: 0.0000403 seconds
2016-02-29T14:51:40.438+0000: 6.515: Total time for which application threads were stopped: 0.0000734 seconds, Stopping threads took: 0.0000292 seconds
2016-02-29T14:51:40.438+0000: 6.515: Total time for which application threads were stopped: 0.0001287 seconds, Stopping threads took: 0.0000774 seconds
2016-02-29T14:51:40.438+0000: 6.515: Total time for which application threads were stopped: 0.0001137 seconds, Stopping threads took: 0.0000616 seconds
2016-02-29T14:51:40.438+0000: 6.515: Total time for which application threads were stopped: 0.0000758 seconds, Stopping threads took: 0.0000292 seconds
2016-02-29T14:51:40.438+0000: 6.515: Total time for which application threads were stopped: 0.0001650 seconds, Stopping threads took: 0.0001145 seconds
2016-02-29T14:51:40.438+0000: 6.516: Total time for which application threads were stopped: 0.0006807 seconds, Stopping threads took: 0.0004454 seconds
2016-02-29T14:51:40.438+0000: 6.520: Total time for which application threads were stopped: 0.0001903 seconds, Stopping threads took: 0.0000616 seconds
2016-02-29T14:51:40.438+0000: 6.521: Total time for which application threads were stopped: 0.0001271 seconds, Stopping threads took: 0.0000474 seconds
2016-02-29T14:51:40.458+0000: 6.537: Total time for which application threads were stopped: 0.0003948 seconds, Stopping threads took: 0.0000434 seconds
2016-02-29T14:51:40.458+0000: 6.539: Total time for which application threads were stopped: 0.0000995 seconds, Stopping threads took: 0.0000268 seconds
2016-02-29T14:51:40.458+0000: 6.539: Total time for which application threads were stopped: 0.0001271 seconds, Stopping threads took: 0.0000213 seconds
2016-02-29T14:51:40.458+0000: 6.539: Total time for which application threads were stopped: 0.0000719 seconds, Stopping threads took: 0.0000205 seconds
2016-02-29T14:51:40.458+0000: 6.540: Total time for which application threads were stopped: 0.0000719 seconds, Stopping threads took: 0.0000197 seconds
2016-02-29T14:51:40.600+0000: 6.677: Total time for which application threads were stopped: 0.0002424 seconds, Stopping threads took: 0.0000608 seconds
2016-02-29T14:51:40.626+0000: 6.703: Total time for which application threads were stopped: 0.0001413 seconds, Stopping threads took: 0.0000584 seconds
2016-02-29T14:51:40.639+0000: 6.716: Total time for which application threads were stopped: 0.0001627 seconds, Stopping threads took: 0.0000576 seconds
2016-02-29T14:51:40.639+0000: 6.716: Total time for which application threads were stopped: 0.0000805 seconds, Stopping threads took: 0.0000284 seconds
2016-02-29T14:51:40.639+0000: 6.716: Total time for which application threads were stopped: 0.0000774 seconds, Stopping threads took: 0.0000284 seconds
2016-02-29T14:51:40.640+0000: 6.717: Total time for which application threads were stopped: 0.0000995 seconds, Stopping threads took: 0.0000363 seconds
2016-02-29T14:51:40.857+0000: 6.934: Total time for which application threads were stopped: 0.0001611 seconds, Stopping threads took: 0.0000505 seconds
2016-02-29T14:51:40.986+0000: 7.063: Total time for which application threads were stopped: 0.0003127 seconds, Stopping threads took: 0.0000537 seconds
2016-02-29T14:51:40.988+0000: 7.065: Total time for which application threads were stopped: 0.0001287 seconds, Stopping threads took: 0.0000426 seconds
2016-02-29T14:51:41.062+0000: 7.139: Total time for which application threads were stopped: 0.0001532 seconds, Stopping threads took: 0.0000505 seconds
2016-02-29T14:51:41.062+0000: 7.139: Total time for which application threads were stopped: 0.0000742 seconds, Stopping threads took: 0.0000205 seconds
2016-02-29T14:51:41.063+0000: 7.139: Total time for which application threads were stopped: 0.0000876 seconds, Stopping threads took: 0.0000229 seconds
2016-02-29T14:51:41.064+0000: 7.140: Total time for which application threads were stopped: 0.0001019 seconds, Stopping threads took: 0.0000292 seconds
2016-02-29T14:51:41.064+0000: 7.141: Total time for which application threads were stopped: 0.0000711 seconds, Stopping threads took: 0.0000197 seconds
2016-02-29T14:51:41.064+0000: 7.141: Total time for which application threads were stopped: 0.0000703 seconds, Stopping threads took: 0.0000190 seconds
2016-02-29T14:51:41.065+0000: 7.141: Total time for which application threads were stopped: 0.0000892 seconds, Stopping threads took: 0.0000253 seconds
2016-02-29T14:51:41.070+0000: 7.147: Total time for which application threads were stopped: 0.0001358 seconds, Stopping threads took: 0.0000411 seconds
2016-02-29T14:51:41.070+0000: 7.147: Total time for which application threads were stopped: 0.0000726 seconds, Stopping threads took: 0.0000197 seconds
2016-02-29T14:51:41.070+0000: 7.147: Total time for which application threads were stopped: 0.0000695 seconds, Stopping threads took: 0.0000190 seconds
2016-02-29T14:51:41.071+0000: 7.148: Total time for which application threads were stopped: 0.0000782 seconds, Stopping threads took: 0.0000213 seconds
2016-02-29T14:51:41.112+0000: 7.188: Total time for which application threads were stopped: 0.0001635 seconds, Stopping threads took: 0.0000513 seconds
2016-02-29T14:51:41.356+0000: 7.433: Total time for which application threads were stopped: 0.0002093 seconds, Stopping threads took: 0.0000545 seconds
2016-02-29T14:51:41.387+0000: 7.463: Total time for which application threads were stopped: 0.0002037 seconds, Stopping threads took: 0.0000505 seconds
{Heap before GC invocations=2 (full 0):
 par new generation   total 109248K, used 98740K [0x00000000e0000000, 0x00000000e8000000, 0x00000000e8000000)
  eden space 87424K, 100% used [0x00000000e0000000, 0x00000000e5560000, 0x00000000e5560000)
  from space 21824K,  51% used [0x00000000e5560000, 0x00000000e606d360, 0x00000000e6ab0000)
  to   space 21824K,   0% used [0x00000000e6ab0000, 0x00000000e6ab0000, 0x00000000e8000000)
 concurrent mark-sweep generation total 393216K, used 0K [0x00000000e8000000, 0x0000000100000000, 0x0000000100000000)
 Metaspace       used 21351K, capacity 21728K, committed 21884K, reserved 1069056K
  class space    used 2542K, capacity 2682K, committed 2688K, reserved 1048576K
2016-02-29T14:51:41.424+0000: 7.500: [GC (Allocation Failure) 2016-02-29T14:51:41.424+0000: 7.500: [ParNew
Desired survivor size 20112992 bytes, new threshold 8 (max 8)
- age   1:    1954392 bytes,    1954392 total
- age   2:    2343640 bytes,    4298032 total
- age   3:    2550432 bytes,    6848464 total
: 98740K->12716K(109248K), 0.0256537 secs] 98740K->12716K(502464K), 0.0257887 secs] [Times: user=0.06 sys=0.00, real=0.02 secs] 
Heap after GC invocations=3 (full 0):
 par new generation   total 109248K, used 12716K [0x00000000e0000000, 0x00000000e8000000, 0x00000000e8000000)
  eden space 87424K,   0% used [0x00000000e0000000, 0x00000000e0000000, 0x00000000e5560000)
  from space 21824K,  58% used [0x00000000e6ab0000, 0x00000000e771b340, 0x00000000e8000000)
  to   space 21824K,   0% used [0x00000000e5560000, 0x00000000e5560000, 0x00000000e6ab0000)
 concurrent mark-sweep generation total 393216K, used 0K [0x00000000e8000000, 0x0000000100000000, 0x0000000100000000)
 Metaspace       used 21351K, capacity 21728K, committed 21884K, reserved 1069056K
  class space    used 2542K, capacity 2682K, committed 2688K, reserved 1048576K
}
2016-02-29T14:51:41.450+0000: 7.526: Total time for which application threads were stopped: 0.0262286 seconds, Stopping threads took: 0.0000497 seconds
2016-02-29T14:51:41.450+0000: 7.526: [GC (CMS Initial Mark) [1 CMS-initial-mark: 0K(393216K)] 12748K(502464K), 0.0117237 secs] [Times: user=0.01 sys=0.00, real=0.01 secs] 
2016-02-29T14:51:41.462+0000: 7.538: Total time for which application threads were stopped: 0.0119346 seconds, Stopping threads took: 0.0000442 seconds
2016-02-29T14:51:41.462+0000: 7.538: [CMS-concurrent-mark-start]
2016-02-29T14:51:41.463+0000: 7.540: [CMS-concurrent-mark: 0.001/0.001 secs] [Times: user=0.00 sys=0.00, real=0.00 secs] 
2016-02-29T14:51:41.463+0000: 7.540: Total time for which application threads were stopped: 0.0001406 seconds, Stopping threads took: 0.0000482 seconds
2016-02-29T14:51:41.463+0000: 7.540: [CMS-concurrent-preclean-start]
2016-02-29T14:51:41.466+0000: 7.542: [CMS-concurrent-preclean: 0.002/0.002 secs] [Times: user=0.00 sys=0.00, real=0.00 secs] 
2016-02-29T14:51:41.466+0000: 7.543: Total time for which application threads were stopped: 0.0001737 seconds, Stopping threads took: 0.0000553 seconds
2016-02-29T14:51:41.492+0000: 7.569: [GC (CMS Final Remark) [YG occupancy: 19316 K (109248 K)]{Heap before GC invocations=3 (full 1):
 par new generation   total 109248K, used 19316K [0x00000000e0000000, 0x00000000e8000000, 0x00000000e8000000)
  eden space 87424K,   7% used [0x00000000e0000000, 0x00000000e06720a0, 0x00000000e5560000)
  from space 21824K,  58% used [0x00000000e6ab0000, 0x00000000e771b340, 0x00000000e8000000)
  to   space 21824K,   0% used [0x00000000e5560000, 0x00000000e5560000, 0x00000000e6ab0000)
 concurrent mark-sweep generation total 393216K, used 0K [0x00000000e8000000, 0x0000000100000000, 0x0000000100000000)
 Metaspace       used 21367K, capacity 21734K, committed 21884K, reserved 1069056K
  class space    used 2543K, capacity 2683K, committed 2688K, reserved 1048576K
2016-02-29T14:51:41.492+0000: 7.569: [GC (CMS Final Remark) 2016-02-29T14:51:41.492+0000: 7.569: [ParNew
Desired survivor size 20112992 bytes, new threshold 8 (max 8)
- age   1:     322040 bytes,     322040 total
- age   2:     780272 bytes,    1102312 total
- age   3:    2341984 bytes,    3444296 total
- age   4:    2549208 bytes,    5993504 total
: 19316K->5902K(109248K), 0.0243745 secs] 19316K->5902K(502464K), 0.0244890 secs] [Times: user=0.03 sys=0.00, real=0.02 secs] 
Heap after GC invocations=4 (full 1):
 par new generation   total 109248K, used 5902K [0x00000000e0000000, 0x00000000e8000000, 0x00000000e8000000)
  eden space 87424K,   0% used [0x00000000e0000000, 0x00000000e0000000, 0x00000000e5560000)
  from space 21824K,  27% used [0x00000000e5560000, 0x00000000e5b23b00, 0x00000000e6ab0000)
  to   space 21824K,   0% used [0x00000000e6ab0000, 0x00000000e6ab0000, 0x00000000e8000000)
 concurrent mark-sweep generation total 393216K, used 0K [0x00000000e8000000, 0x0000000100000000, 0x0000000100000000)
 Metaspace       used 21367K, capacity 21734K, committed 21884K, reserved 1069056K
  class space    used 2543K, capacity 2683K, committed 2688K, reserved 1048576K
}
2016-02-29T14:51:41.517+0000: 7.593: [Rescan (parallel) , 0.0074281 secs]2016-02-29T14:51:41.524+0000: 7.601: [weak refs processing, 0.0019212 secs]2016-02-29T14:51:41.526+0000: 7.603: [class unloading, 0.0065500 secs]2016-02-29T14:51:41.530+0000: 7.610: [scrub symbol table, 0.0077045 secs]2016-02-29T14:51:41.540+0000: 7.617: [scrub string table, 0.0006246 secs][1 CMS-remark: 0K(393216K)] 5902K(502464K), 0.0505438 secs] [Times: user=0.08 sys=0.00, real=0.05 secs] 
2016-02-29T14:51:41.540+0000: 7.619: Total time for which application threads were stopped: 0.0516517 seconds, Stopping threads took: 0.0009460 seconds
2016-02-29T14:51:41.540+0000: 7.619: [CMS-concurrent-sweep-start]
2016-02-29T14:51:41.540+0000: 7.620: [CMS-concurrent-sweep: 0.000/0.000 secs] [Times: user=0.00 sys=0.00, real=0.00 secs] 
2016-02-29T14:51:41.540+0000: 7.620: [CMS-concurrent-reset-start]
2016-02-29T14:51:41.540+0000: 7.625: [CMS-concurrent-reset: 0.006/0.006 secs] [Times: user=0.00 sys=0.00, real=0.00 secs] 
2016-02-29T14:51:41.617+0000: 7.693: Total time for which application threads were stopped: 0.0001453 seconds, Stopping threads took: 0.0000482 seconds
2016-02-29T14:51:41.617+0000: 7.694: Total time for which application threads were stopped: 0.0000774 seconds, Stopping threads took: 0.0000268 seconds
